$ANSIBLE_VAULT;1.1;AES256
38653331366164626535316666633663663963623261616438333563343962653533393063313266
3530633535646265303031613232343763313837396433350a323232633164393932313335393737
36656336316234343539303236626432386663646262383463623631346630363430316537373765
6332643930333863370a633766626532383438343633376266303530613335623735323332373937
63336639623161316638613639353962376661346637306461653530643635303563313938663839
39303666303538333861646434313938303064303935326139393134393737303431346136313935
36613966373336663364306130356631663131353136666534383063623463343263623336383364
31303431636163383232663862643939623531343035313537333462623463303536303637316637
31303563333564353535336266353266346135326261623334353166343337376565646630386131
63323735306337306335636333383334623632633030303365623931656335383838336134653732
65613034363237343531373939643137643264653663646131336664313363373861353132653233
39643030336239633335303032623466323066373130316366343032383937643864316339386564
6234
